draw.collection([
  draw.collection([
    draw.bezier([440, 238, 357, 278, 94, 214, 319, 322, 354, 101, 960, 735, 391, 754, 382, 527, 144, 526, 281, 383, 212, 488, 552, 534, 831, 142])],
    0, 1, [-151,-156], 1, 0),
  draw.collection([
    draw.bezier([885, 326, 882, 495, 623, 117, 480, 603, 977, 178, 26, 302, 241, 471])],
    0, 1, [0, 0], 1),
  draw.collection([
    draw.bezier([266, 72, 990, 77, 555, 729, 475, 509, 101, 988, 429, 574, 611, 609, 318, 289, 385, 526, 333, 700])],
    0, 1, [283,15], 1, 0),
  draw.collection([
    draw.bezier([57, 237, 714, 196, 163, 695, 283, 147, 666, 325, 420, 109, 509, 150])],
    0, 1, [232,-154], 1, 0),
  draw.collection([
    draw.bezier([14, 436, 350, 1000, 183, 573, 378, 651, 494, 538, 251, 957, 734, 999])],
    0, 1, [-176,119], 1, 0)],
  4, 1, [16,96], 1, 0)
